 Input blocks: 
Id: 0 Payload: A0 A0 A0 A0 A0 A0 A0 A0 A0 A0 
Id: 1 Payload: A1 A1 A1 A1 A1 A1 A1 A1 A1 A1 
Id: 2 Payload: A2 A2 A2 A2 A2 A2 A2 A2 A2 A2 
Id: 3 Payload: A3 A3 A3 A3 A3 A3 A3 A3 A3 A3 
Id: 4 Payload: A4 A4 A4 A4 A4 A4 A4 A4 A4 A4 
Id: 5 Payload: A5 A5 A5 A5 A5 A5 A5 A5 A5 A5 
Id: 6 Payload: A6 A6 A6 A6 A6 A6 A6 A6 A6 A6 
Id: 7 Payload: A7 A7 A7 A7 A7 A7 A7 A7 A7 A7 
Id: 8 Payload: A8 A8 A8 A8 A8 A8 A8 A8 A8 A8 
Id: 9 Payload: A9 A9 A9 A9 A9 A9 A9 A9 A9 A9 
 Codewords: 
01  00  00  00  00  00  00  00  00  00  | 00  05  00  05  00  05  00  05  00  05  00  05  00  05  00  05  00  05  00  05 
00  01  00  00  00  00  00  00  00  00  | 08  05  08  05  08  05  08  05  08  05  08  05  08  05  08  05  08  05  08  05 
00  00  01  00  00  00  00  00  00  00  | 04  05  04  05  04  05  04  05  04  05  04  05  04  05  04  05  04  05  04  05 
00  00  00  01  00  00  00  00  00  00  | 12  05  12  05  12  05  12  05  12  05  12  05  12  05  12  05  12  05  12  05 
00  00  00  00  01  00  00  00  00  00  | 02  05  02  05  02  05  02  05  02  05  02  05  02  05  02  05  02  05  02  05 
00  00  00  00  00  01  00  00  00  00  | 10  05  10  05  10  05  10  05  10  05  10  05  10  05  10  05  10  05  10  05 
00  00  00  00  00  00  01  00  00  00  | 06  05  06  05  06  05  06  05  06  05  06  05  06  05  06  05  06  05  06  05 
00  00  00  00  00  00  00  01  00  00  | 14  05  14  05  14  05  14  05  14  05  14  05  14  05  14  05  14  05  14  05 
00  00  00  00  00  00  00  00  01  00  | 01  05  01  05  01  05  01  05  01  05  01  05  01  05  01  05  01  05  01  05 
00  00  00  00  00  00  00  00  00  01  | 09  05  09  05  09  05  09  05  09  05  09  05  09  05  09  05  09  05  09  05 
 Network output: 
13  03  09  03  10  10  05  05  01  01  | 07  07  07  07  07  07  07  07  07  07  07  07  07  07  07  07  07  07  07  07 
05  12  12  15  01  09  11  10  04  02  | 12  02  12  02  12  02  12  02  12  02  12  02  12  02  12  02  12  02  12  02 
02  01  15  11  13  05  15  00  08  02  | 12  04  12  04  12  04  12  04  12  04  12  04  12  04  12  04  12  04  12  04 
14  05  12  13  12  02  09  13  05  02  | 09  08  09  08  09  08  09  08  09  08  09  08  09  08  09  08  09  08  09  08 
10  12  14  14  15  15  04  10  14  13  | 14  01  14  01  14  01  14  01  14  01  14  01  14  01  14  01  14  01  14  01 
12  11  05  00  12  08  08  14  04  08  | 10  09  10  09  10  09  10  09  10  09  10  09  10  09  10  09  10  09  10  09 
15  12  15  12  06  11  02  14  08  10  | 08  15  08  15  08  15  08  15  08  15  08  15  08  15  08  15  08  15  08  15 
07  04  06  11  08  00  09  15  09  11  | 00  10  00  10  00  10  00  10  00  10  00  10  00  10  00  10  00  10  00  10 
00  00  14  01  14  15  15  00  00  10  | 03  01  03  01  03  01  03  01  03  01  03  01  03  01  03  01  03  01  03  01 
13  01  13  12  12  10  03  09  13  09  | 08  02  08  02  08  02  08  02  08  02  08  02  08  02  08  02  08  02  08  02 
 Decoded packets: 
Id: 1 Payload: A1 A1 A1 A1 A1 A1 A1 A1 A1 A1 
Id: 0 Payload: A0 A0 A0 A0 A0 A0 A0 A0 A0 A0 
Id: 2 Payload: A2 A2 A2 A2 A2 A2 A2 A2 A2 A2 
Id: 3 Payload: A3 A3 A3 A3 A3 A3 A3 A3 A3 A3 
Id: 4 Payload: A4 A4 A4 A4 A4 A4 A4 A4 A4 A4 
Id: 5 Payload: A5 A5 A5 A5 A5 A5 A5 A5 A5 A5 
Id: 6 Payload: A6 A6 A6 A6 A6 A6 A6 A6 A6 A6 
Id: 7 Payload: A7 A7 A7 A7 A7 A7 A7 A7 A7 A7 
Id: 8 Payload: A8 A8 A8 A8 A8 A8 A8 A8 A8 A8 
Id: 9 Payload: A9 A9 A9 A9 A9 A9 A9 A9 A9 A9 
